duration	time_plus	time_minus	flux	flux_plus	flux_minus
73.4184527071146	4.65401229542221	-4.6161296805605	2.16491044603149e-10	2.97373930493326e-11	-2.97375560257688e-11
91.360	2.576	-3.18	2.047558256e-10	3.73831696e-11	-3.73834272e-11
98.053	3.842	-4.118	1.39267576e-10	2.790072224e-11	-2.790084736e-11
114.506	6.740	-10.811	1.281599008e-10	2.884119776e-11	-2.884119776e-11
126.504	7.279	-5.258	1.867118656e-10	4.0992624e-11	-4.0992624e-11
139.991	8.836	-6.208	1.474637456e-10	3.307928816e-11	-3.307928816e-11
163.558	12.849	-14.731	8.77127632e-11	1.880937424e-11	-1.880937424e-11
190.943	10.537	-14.536	1.041380752e-10	2.183527264e-11	-2.183527264e-11
214.577	16.991	-13.097	7.93324832e-11	1.731176512e-11	-1.731176512e-11
242.362	14.279	-10.794	8.96029952e-11	2.016431712e-11	-2.016431712e-11
268.612	8.087	-11.971	1.124978208e-10	2.51954144e-11	-2.51954144e-11
289.260	10.005	-12.561	1.01978504e-10	2.283946736e-11	-2.283946736e-11
307.860	11.464	-8.595	1.259309984e-10	2.68875152e-11	-2.68875152e-11
333.321	8.568	-13.997	1.016910224e-10	2.284799392e-11	-2.284799392e-11
358.292	13.685	-16.402	8.30706272e-11	1.78139048e-11	-1.78139048e-11
387.440	14.625	-15.463	7.53231968e-11	1.703268496e-11	-1.703268496e-11
417.750	16.911	-15.685	6.88615952e-11	1.564713184e-11	-1.564713184e-11
452.010	15.245	-17.35	6.90221536e-11	1.558274656e-11	-1.558274656e-11
486.288	26.099	-19.033	5.48386976e-11	1.186342576e-11	-1.186342576e-11
527.210	15.265	-14.823	7.50592672e-11	1.7222584e-11	-1.7222584e-11
566.068	34.072	-23.593	4.67905744e-11	9.77153712e-12	-9.77153712e-12
648.793	15.260	-14.722	5.41163136e-11	2.070861856e-11	-1.983743744e-11
676.669	13.020	-12.616	5.73390368e-11	2.185277104e-11	-2.083513696e-11
693.907	2.245	-4.219	9.07697024e-11	3.85396464e-11	-3.44841392e-11
700.447	3.741	-4.295	1.04625896e-10	4.27593552e-11	-3.95032544e-11
705.598	2.472	-1.41	1.922460704e-10	6.9663872e-11	-6.96639088e-11
709.708	1.817	-1.638	3.490321024e-10	8.39603408e-11	-8.3960488e-11
714.511	2.614	-2.986	1.159629824e-10	4.72929312e-11	-4.26141056e-11
718.637	1.706	-1.511	2.58201312e-10	7.31632576e-11	-7.31633312e-11
728.523	6.892	-8.181	6.68855456e-11	2.648463616e-11	-2.475162848e-11
737.919	2.716	-2.504	1.182661104e-10	4.73296208e-11	-4.73296576e-11
751.003	7.640	-10.368	6.11758416e-11	2.406650816e-11	-2.261587424e-11
763.826	4.750	-5.183	8.1277584e-11	3.244389568e-11	-2.980970752e-11
772.908	2.639	-4.332	9.11513184e-11	3.84064672e-11	-3.465306224e-11
789.703	12.830	-14.156	4.59440272e-11	1.796766624e-11	-1.70009744e-11
804.572	1.485	-2.039	2.968144112e-10	8.43637424e-11	-8.43638528e-11
810.532	3.894	-4.475	7.60668144e-11	3.12654088e-11	-2.813560928e-11
833.243	17.441	-18.817	3.618584112e-11	1.381480096e-11	-1.30955744e-11
864.081	9.501	-13.396	3.83699984e-11	1.53137312e-11	-1.417266624e-11
881.666	10.439	-8.084	2.96149656e-11	1.289779648e-11	-1.148353568e-11
897.296	5.805	-5.191	8.5189976e-11	2.083939472e-11	-2.083942784e-11
910.350	5.331	-7.249	4.3733304e-11	1.846310096e-11	-1.637389504e-11
918.778	4.039	-3.097	1.350225488e-10	3.189913792e-11	-3.18991968e-11
948.379	11.190	-13.884	5.64483664e-11	1.270511904e-11	-1.270511904e-11
978.548	16.123	-18.979	4.21691936e-11	9.2307464e-12	-9.2307464e-12
1018.069	19.226	-23.398	3.396547264e-11	7.43496896e-12	-7.43496896e-12
1059.464	25.470	-22.169	3.087386784e-11	6.74771056e-12	-6.74771056e-12
1107.791	27.290	-22.857	2.912909888e-11	6.40623968e-12	-6.40623968e-12
1150.973	11.688	-15.892	5.09827936e-11	1.140009904e-11	-1.140009904e-11
1188.032	14.746	-25.371	3.84678864e-11	8.26263408e-12	-8.26263408e-12
1221.633	21.262	-18.855	3.467324336e-11	7.81691248e-12	-7.81691248e-12
1277.106	33.487	-34.21	2.050550464e-11	4.61527568e-12	-4.61527568e-12
1334.949	20.776	-24.356	3.272043664e-11	7.16243552e-12	-7.16243552e-12
1395.502	22.906	-39.777	2.237590144e-11	5.0197776e-12	-5.0197776e-12
1442.861	30.707	-24.454	2.632232608e-11	5.80713568e-12	-5.80713568e-12
1510.155	31.111	-36.586	2.047924048e-11	4.6093656e-12	-4.6093656e-12
1578.134	30.830	-36.868	2.027329296e-11	4.55553456e-12	-4.55553456e-12
1640.095	31.551	-31.132	2.22500528e-11	4.97526432e-12	-4.97526432e-12
1713.345	25.999	-41.699	2.348676832e-11	4.92526784e-12	-4.92526784e-12
1766.825	35.202	-27.481	2.195073632e-11	4.92439568e-12	-4.92439568e-12
1839.156	35.583	-37.129	1.90691344e-11	4.28495152e-12	-4.28495152e-12
1919.744	47.766	-45.005	1.589599552e-11	3.479599712e-12	-3.479599712e-12
2002.874	32.334	-35.364	2.127819792e-11	4.65775392e-12	-4.65775392e-12
2074.815	48.149	-39.607	1.572746624e-11	3.534059296e-12	-3.534059296e-12
2166.851	28.825	-43.887	1.511882368e-11	3.314723936e-12	-3.314723936e-12
2238.315	32.581	-42.639	1.060967552e-11	2.392207552e-12	-2.392207552e-12
2323.912	59.811	-53.017	1.132609792e-11	2.0168056e-12	-2.0168056e-12
5737.171	113.868	-131.848	3.84270016e-12	8.41795584e-13	-8.41795584e-13
5955.952	115.731	-104.912	4.05853216e-12	9.136888e-13	-9.136888e-13
6206.711	105.671	-135.028	2.78104408e-12	7.2524888e-13	-7.2524888e-13
12314.386	81.478	-149.196	2.838138176e-12	7.38318768e-13	-7.38318768e-13
14433.198	3277.610	-2037.335	1.090598544e-12	1.876945728e-13	-1.876945728e-13
24343.482	5076.398	-1426.38	8.481756e-13	2.230430336e-13	-2.230430336e-13
29795.096	336.857	-375.216	1.038029744e-12	2.557255552e-13	-2.557255552e-13
39620.248	2152.447	-3455.868	4.84815344e-13	1.188638528e-13	-1.188638528e-13
55201.984	9550.302	-3460.237	2.818027712e-13	6.1934768e-14	-6.1934768e-14
163499.039	84912.287	-42351.412	9.51934672e-14	2.179138864e-14	-2.179138864e-14