duration	time_plus	time_minus	flux	flux_plus	flux_minus
77.4723996672166	0.48182636657404	-0.436328621920865	1.71482447051883e-09	2.55667093679288e-10	-2.55692074206735e-10
78.5832190603945	0.666181989322368	-0.628993026603936	1.31542053780394e-09	1.96304462093983e-10	-1.96420837283643e-10
80.056755313158	0.699525721891447	-0.807354263441042	1.52409362281977e-09	2.38378527207689e-10	-2.45812798874097e-10
81.3804452014651	0.605223832165279	-0.624164166415724	1.46702642296956e-09	2.23000740712688e-10	-2.26180457960653e-10
82.5028578373406	0.525401158772155	-0.517188803710241	1.64895273296767e-09	2.47951069331547e-10	-2.48861183885755e-10
83.5423720735874	0.548044970678305	-0.514113077474605	1.56565161549347e-09	2.34028342055899e-10	-2.3403750249093e-10
84.4234802461337	0.271722776926055	-0.333063201868043	2.69796479947085e-09	4.02632227052523e-10	-4.02642250179982e-10
85.1216942984513	0.425712749400276	-0.426491275391527	1.8934974384734e-09	2.82414523974269e-10	-2.82448309580269e-10
86.1077135314994	0.593497503752246	-0.56030648364775	1.97450258178923e-09	2.46895175502952e-10	-2.46944420895267e-10
94.698	0.450	-0.492	1.791690004e-09	2.670934136e-10	-2.67135765e-10
95.675	0.535	-0.528	1.539663346e-09	2.390778104e-10	-2.391159706e-10
96.717	0.500	-0.507	1.64929466e-09	2.509090948e-10	-2.509527982e-10
97.962	0.850	-0.746	1.056627208e-09	1.575166528e-10	-1.575510274e-10
99.311	0.497	-0.499	1.730081392e-09	2.550949882e-10	-2.551611686e-10
100.331	0.444	-0.523	1.745458026e-09	2.602100774e-10	-2.60293462e-10
101.177	0.391	-0.402	2.12507529e-09	3.168102054e-10	-3.169375976e-10
102.142	0.552	-0.574	1.497288962e-09	2.23219932e-10	-2.233136932e-10
103.374	0.781	-0.679	1.13701172e-09	1.729871832e-10	-1.730639092e-10
104.715	0.562	-0.56	1.512513496e-09	2.255089356e-10	-2.25649307e-10
105.857	0.554	-0.58	1.487205746e-09	2.262948532e-10	-2.264535442e-10
107.031	0.547	-0.62	1.498839368e-09	2.210301314e-10	-2.211737138e-10
108.078	0.555	-0.5	1.597554634e-09	2.43084868e-10	-2.43254206e-10
109.136	0.579	-0.503	1.582012718e-09	2.358941546e-10	-2.360806968e-10
110.334	0.805	-0.62	1.200840654e-09	1.790612798e-10	-1.79208276e-10
111.923	0.627	-0.784	1.212943082e-09	1.808771172e-10	-1.810408106e-10
113.311	0.731	-0.76	1.147817918e-09	1.71185001e-10	-1.713630256e-10
114.882	0.713	-0.84	1.10305793e-09	1.645014228e-10	-1.64663291e-10
116.320	0.774	-0.725	1.152621912e-09	1.719099434e-10	-1.720978714e-10
118.219	0.944	-1.125	8.22870802e-10	1.252635098e-10	-1.25414731e-10
120.112	0.598	-0.948	1.101264502e-09	1.676549628e-10	-1.678685112e-10
121.730	0.921	-1.02	8.90620198e-10	1.328693886e-10	-1.3304863e-10
123.444	0.582	-0.793	1.23803654e-09	1.884851592e-10	-1.887323048e-10
124.623	0.492	-0.597	1.587711398e-09	2.367896856e-10	-2.370347694e-10
125.805	0.529	-0.69	1.420486574e-09	2.118933492e-10	-2.121563808e-10
127.081	0.865	-0.747	1.06145689e-09	1.615819478e-10	-1.617761964e-10
128.587	0.629	-0.641	1.34690634e-09	2.050847786e-10	-2.05374208e-10
129.897	0.742	-0.681	1.220515634e-09	1.821440764e-10	-1.824369534e-10
131.319	0.621	-0.68	1.315559206e-09	2.003345604e-10	-2.006353804e-10
132.927	0.953	-0.988	8.9498513e-10	1.335296378e-10	-1.33717363e-10
134.638	0.826	-0.757	1.08054037e-09	1.644747546e-10	-1.646611954e-10
136.702	1.136	-1.238	7.13573094e-10	1.086257302e-10	-1.08757246e-10
138.720	0.820	-0.882	9.98053836e-10	1.489034664e-10	-1.491096802e-10
140.473	1.156	-0.933	8.0130674e-10	1.220100908e-10	-1.221825046e-10
142.505	0.797	-0.876	1.016103036e-09	1.51629504e-10	-1.518663406e-10
144.376	1.046	-1.075	7.8920634e-10	1.201698498e-10	-1.203414186e-10
146.353	0.832	-0.931	9.63811732e-10	1.438009846e-10	-1.440053394e-10
147.942	0.901	-0.758	1.040354536e-09	1.552161234e-10	-1.554324772e-10
149.595	0.798	-0.751	1.115768082e-09	1.66449959e-10	-1.666669212e-10
151.350	0.987	-0.957	8.89143476e-10	1.326317408e-10	-1.327951638e-10
153.444	1.368	-1.107	6.77579474e-10	1.05268917e-10	-1.053823498e-10
156.101	0.955	-1.289	7.5905505e-10	1.155461112e-10	-1.156831026e-10
158.076	1.120	-1.021	7.95489084e-10	1.186482414e-10	-1.187816162e-10
160.128	0.840	-0.932	9.47742874e-10	1.413622808e-10	-1.415263122e-10
162.152	1.151	-1.184	7.19475588e-10	1.073113496e-10	-1.074325564e-10
164.543	1.211	-1.241	6.85026628e-10	1.021655362e-10	-1.022729188e-10
167.280	1.308	-1.526	5.92562334e-10	8.83666862e-11	-8.844953e-11
169.714	1.152	-1.127	7.2471594e-10	1.102911914e-10	-1.10392997e-10
171.783	1.116	-0.916	8.12778122e-10	1.236854892e-10	-1.237902354e-10
174.487	1.591	-1.588	5.2737802e-10	7.86445556e-11	-7.87165158e-11
177.437	1.205	-1.359	6.53999242e-10	9.75172588e-11	-9.75933088e-11
180.404	2.006	-1.762	4.31088918e-10	6.8353064e-11	-6.84019388e-11
183.881	1.904	-1.471	4.8385883e-10	7.67190034e-11	-7.67721032e-11
187.944	2.077	-2.16	3.91594632e-10	6.08170836e-11	-6.08564606e-11
191.408	1.591	-1.387	5.4236325e-10	8.42313576e-11	-8.42840518e-11
194.540	1.701	-1.541	5.13159712e-10	7.65120122e-11	-7.65637938e-11
197.971	1.401	-1.73	5.31241022e-10	7.92054666e-11	-7.92544766e-11
201.533	1.759	-2.161	4.17257282e-10	6.3487554e-11	-6.35272352e-11
204.766	1.625	-1.474	5.35325076e-10	7.9812954e-11	-7.98593614e-11
208.122	2.882	-1.731	3.325017878e-10	5.49732664e-11	-5.49985488e-11
213.301	2.048	-2.297	3.90882804e-10	5.82775544e-11	-5.83111854e-11
217.136	1.775	-1.787	4.77861358e-10	7.12439104e-11	-7.12818002e-11
220.790	1.510	-1.879	3.261868662e-10	6.14030066e-11	-6.14222388e-11
224.293	1.682	-1.994	2.809393132e-10	5.62867344e-11	-5.63030598e-11
227.829	1.742	-1.854	3.01140762e-10	5.66894952e-11	-5.67102146e-11
232.099	2.270	-2.528	3.46185008e-10	5.1613445e-11	-5.16431552e-11
236.435	1.477	-2.065	3.052295142e-10	5.74585804e-11	-5.7478252e-11
239.546	1.931	-1.635	3.102755162e-10	5.66528222e-11	-5.66728994e-11
243.543	1.987	-2.066	2.6085826e-10	5.06497394e-11	-5.06681266e-11
247.422	2.401	-1.892	3.009150118e-10	5.33278486e-11	-5.33508326e-11
252.215	2.307	-2.392	2.359259604e-10	4.307979e-11	-4.3099732e-11
256.164	1.646	-1.642	3.29683003e-10	6.20643712e-11	-6.20906e-11
259.311	2.208	-1.502	3.089408218e-10	5.54930766e-11	-5.55157564e-11
263.407	1.622	-1.888	3.016335322e-10	5.8566443e-11	-5.85868244e-11
266.996	1.712	-1.968	2.945014956e-10	5.54401796e-11	-5.54615412e-11
271.588	2.333	-2.88	2.126734532e-10	3.88328876e-11	-3.88489764e-11
277.130	3.395	-3.209	1.603257708e-10	3.112958368e-11	-3.114048418e-11
283.480	2.950	-2.955	1.750748402e-10	3.50778766e-11	-3.50907544e-11
290.326	3.153	-3.896	1.572228294e-10	2.87079117e-11	-2.871975184e-11
297.079	4.057	-3.601	1.34796428e-10	2.700713964e-11	-2.701591412e-11
309.216	6.165	-6.372	1.594456526e-10	3.48604074e-11	-3.48604074e-11
320.865	7.053	-5.484	1.679640638e-10	3.5053473e-11	-3.5053473e-11
345.686	12.320	-17.768	6.81165654e-11	1.452250462e-11	-1.452250462e-11
373.535	14.558	-15.53	7.22513532e-11	1.50785856e-11	-1.50785856e-11
401.815	11.352	-13.721	7.33041218e-11	1.642420078e-11	-1.642420078e-11
428.889	14.366	-15.722	6.05306286e-11	1.354863198e-11	-1.354863198e-11
472.071	26.345	-28.816	3.355953328e-11	7.52675638e-12	-7.52675638e-12
528.397	30.194	-29.982	3.033574336e-11	6.80372368e-12	-6.80372368e-12
585.707	25.538	-27.116	3.56725876e-11	8.03295194e-12	-8.03295194e-12
644.436	54.564	-33.192	2.088772738e-11	4.68001222e-12	-4.68001222e-12
744.246	47.525	-45.245	1.808413906e-11	4.05592564e-12	-4.05592564e-12
817.215	29.717	-25.444	1.499308512e-11	3.28158116e-12	-3.28158116e-12
885.762	33.883	-38.829	1.08610216e-11	2.431144768e-12	-2.431144768e-12
949.584	35.251	-29.939	1.272248224e-11	2.781824162e-12	-2.781824162e-12
1007.769	27.211	-22.934	1.729174876e-11	3.6936471e-12	-3.6936471e-12
4334.711	50.213	-90.197	5.5120195e-12	1.238282266e-12	-1.238282266e-12
4447.012	78.322	-62.088	5.51033964e-12	1.239352036e-12	-1.239352036e-12
4604.721	83.588	-79.387	4.72670692e-12	1.063101598e-12	-1.063101598e-12
4744.738	53.893	-56.429	7.3431007e-12	1.61311007e-12	-1.61311007e-12
4893.311	73.310	-94.68	4.55935974e-12	1.030280784e-12	-1.030280784e-12
5037.939	56.555	-71.318	6.00427932e-12	1.352026026e-12	-1.352026026e-12
5201.438	71.075	-106.944	4.28904424e-12	9.70336822e-13	-9.70336822e-13
5369.232	63.750	-96.718	4.79514516e-12	1.079757224e-12	-1.079757224e-12
5510.645	80.298	-77.663	4.83140918e-12	1.095615508e-12	-1.095615508e-12
5670.574	73.315	-79.631	4.85076306e-12	1.161264234e-12	-1.161264234e-12
5858.778	114.764	-114.889	2.928466814e-12	8.56927344e-13	-8.56927344e-13
6074.307	123.593	-100.765	5.11822246e-12	1.212052452e-12	-1.212052452e-12
6297.280	107.077	-99.381	5.8402513e-12	1.391590954e-12	-1.391590954e-12
6593.729	181.657	-189.372	3.7512423e-12	8.25388564e-13	-8.25388564e-13
10039.840	98.886	-86.655	4.35088472e-12	9.56231068e-13	-9.56231068e-13
10213.229	106.023	-74.504	3.242236946e-12	8.42376106e-13	-8.42376106e-13
10539.049	133.734	-219.797	1.626243398e-12	4.25713366e-13	-4.25713366e-13
10799.763	86.141	-126.98	2.701731006e-12	7.03705184e-13	-7.03705184e-13
10991.450	149.166	-105.545	3.158091508e-12	7.98328284e-13	-7.98328284e-13
11781.124	728.753	-640.508	2.01911229e-12	5.23770546e-13	-5.23770546e-13
16924.025	1299.081	-1216.444	2.766698324e-12	9.4814577e-13	-9.4814577e-13
29274.245	4884.716	-1371.527	7.4642568e-13	2.88557529e-13	-2.88557529e-13
34866.383	653.232	-707.422	9.86029148e-13	1.927834376e-13	-1.927834376e-13
40330.778	207.408	-268.982	1.27255648e-12	3.325780068e-13	-3.325780068e-13
40875.550	392.256	-337.365	9.90298088e-13	2.37196232e-13	-2.37196232e-13
46691.280	324.244	-651.096	7.27415208e-13	1.760063344e-13	-1.760063344e-13
52409.996	4156.383	-2201.624	7.87728942e-13	1.467492572e-13	-1.467492572e-13
114871.305	1111.545	-756.393	3.81063228e-13	9.69562126e-14	-9.69562126e-14
135139.310	9330.820	-8107.333	3.67642938e-13	7.539935e-14	-7.539935e-14
218664.420	12221.601	-18329.475	1.481676742e-13	3.68068142e-14	-3.68068142e-14
296466.952	24940.144	-9912.189	1.019611476e-13	2.465954374e-14	-2.465954374e-14
442749.133	97237.622	-92381.284	4.05618252e-14	1.149234138e-14	-1.149234138e-14