# units Angstroms
3506.74 
3613.06 
3950.924   
3967.5411  
3974.417   
4078.8202  
4109.7089  
4116.1147  
4193.528   
4203.695   
4385.768   
4524.6805  
4582.7472  
4611.8882  
4624.2750
4671.2258  
4697.0208  
4734.1518  
4792.619   
4807.0190  
4843.2934  
4916.507   
4923.152   
5028.2794  
5392.795   
5439.923   
5460.037   
5488.555   
5894.988   
3665.3254   
3679.5609   
3773.4238   
3812.2150   
3837.7028   
3837.8152   
3991.2581   
4184.4726   
4273.96943  
4282.96734  
4286.48687  
4300.48652  
4318.5524   
4319.5795   
4351.35969  
4376.12159  
4399.96634  
4425.19007  
4463.69000  
4502.35427  
4550.2985   
4812.6367   
5215.8179   
5228.17729  
5279.8345   
5334.7550   
5339.1183   
5379.6366   
5490.93596  
5500.71011  
5516.6665   
5520.51024  
5562.22534  
5570.28944  
5580.38729  
5649.56177  
5672.4509   
5707.5129   
5824.5185   
5832.85661  
5866.75017  
5870.91599  
5879.90035  
5945.45239  
5977.64573  
5993.85020  
3554.305  
3606.522  
3770.369  
3834.678  
3948.979  
4044.418  
4158.590  
4164.180  
4181.884  
4190.713  
4200.674  
4251.185  
4259.362  
4266.286  
4272.169  
4300.101  
4333.561  
4335.338  
4345.168  
4510.733  
4522.323  
5162.285  
5187.746  
5495.874  
5558.702  
5606.733  
5650.704  
5888.584  
5912.085  
6032.127  
6043.223  
6059.372
2536.521  
2893.601  
2967.283  
3021.504  
3125.674  
3131.555  
3131.844  
3341.484  
3650.158  
3654.842  
3663.284  
4046.565  
4077.837  
4347.506  
4358.335  
4916.608  
5460.750  
5769.610  
5790.670  
