# units Angstroms
5187.746
5495.874
5558.702
5606.733
5650.704
5888.584
5912.085
6032.127
6043.223
6384.717
6416.307
6677.282
6752.834
6871.289
6937.664
6965.431
7030.251
7067.218
7068.736
7107.478
7125.82
7147.042
7206.98
7272.936
7311.716
7316.005
7353.293
7372.118
7383.98
7392.98
7435.368
7503.869
7514.652
7635.106
7723.761
7724.207
7948.176
8006.157
8014.786
8103.693
8115.311
8264.522
8408.21
8424.648
8521.442
8667.944
9122.967
9194.638
9224.499
9291.531
9354.22
9657.786
9784.503
10470.054
5562.22534
5570.28944
5580.38729
5649.56177
5672.4509
5824.5185
5832.85661
5870.91599
5879.90035
5993.8502
6012.0624
6056.12628
6236.35161
6421.027
6456.28888
6652.23475
6699.2296
6813.10882
6904.6787
7224.103
7287.262
7486.862
7587.4136
7601.5457
7685.2459
7694.5401
7746.828
7854.8233
7913.4251
7928.5988
7982.406
8059.5048
8104.366
8112.9012
8190.0566
8263.2426
8272.355
8281.0522
8298.1099
8508.8728
8776.7505
8862.32
8908.73
8928.6933
9374.76
9751.761
5037.7512
5330.7775
5341.0938
5400.5618
5562.7662
5656.6588
5719.2248
5748.2985
5764.4188
5804.4496
5820.1558
5852.4879
5872.8275
5881.8952
5902.4623
5906.4294
5944.8342
5965.471
5974.6273
5975.534
5987.9074
6029.9969
6074.3377
6096.1631
6128.4499
6143.0626
6163.5939
6182.146
6217.2812
6266.495
6304.7889
6328.1646
6334.4278
6382.9917
6402.248
6506.5281
6532.8822
6598.9529
6652.0927
6678.2762
6717.043
6929.4673
7024.0504
7032.4131
7051.2923
7059.1074
7173.9381
7245.1666
7438.898
7472.4386
7488.8712
7535.7741
7544.0443
7839.0529
7927.1177
7936.9961
7943.1814
8082.458
8118.5492
8128.9108
8136.4054
8259.379
8266.0772
8300.3258
8365.7466
8377.608
8418.4274
8463.3575
8484.4435
8495.3598
8544.6958
8571.3524
8591.2584
8634.647
8647.0411
8654.3831
8655.522
8679.4925
8681.9211
8704.1116
8771.6563
8780.6226
8783.7533
8830.9072
8853.8668
8865.3063
8865.7552
8919.5006
8988.5564
9148.6716
9201.7591
9220.0601
9226.6903
9275.5196
9300.8527
9326.5068
9373.3078
9425.3788
9459.2095
9486.6818
9534.1629
9547.4049
9665.4197
6182.42
6318.06
6668.92
6728.008
6827.315
6846.613
6872.107
6882.155
6925.53
6976.182
7119.598
7316.272
7321.452
7336.48
7386.003
7393.793
7425.541
7584.682
7642.024
7802.651
7881.32
7887.393
7967.342
8206.336
8231.6336
8346.8217
8409.1894
8576.01
8648.54
8739.372
8758.2
8819.4106
8908.73
8952.2509
8981.05
8987.57
9045.4466
9162.652
9513.377
9685.32
9718.16
9799.697
9923.198
